33738
24907
97550
97549
97554
97553
78907
33462
5380
97552
97551
97556
97555
78948
78950
97539
97538
97540
25859
30872
78949
78915
78908
24906
78906
2178
22072
32166
42835
78913
78913
78914
78914
78911
78912
97542
97541
30732
29987
21284
41557
41557
36313
36313
25774
97544
97543
97545
76517
91859
41822
41822
43673
78921
25931
78951
78952
97519
97518
18591
66303
97547
97546
97548
79067
97520
7593
7593
97530
97529
97535
66304
97534
79068
79076
79077
30883
78904
78904
79069
79070
79074
84749
97532
97537
97521
97523
97522
97531
97536
97524
78888
97525
27853
97533
79087
36176
79086
97526
97527
78903
79105
97528
79106
79101
73694
69189
79102
79053
79054
69190
6934
78190
78176
78178
78179
78189
80450
80451
80474
80452
98217
80453
80454
80484
80471
67481
67485
80482
80524
80472
67477
80448
80444
80445
80447
80481
67471
80461
67472
67482
67475
80462
67476
67483
80443
80460
67489
67489
67478
67479
80529
67480
67484
80446
67491
67491
80527
80528
67474
80525
80526
67492
67492
3023
33672
67487
67488
80479
80480
67490
67490
80476
98204
80477
67470
67470
67473
80478
98216
98206
98225
98205
98226
98223
80465
98207
80457
75275
80469
80466
80467
80459
80468
80470
