43477
43453
21481
68660
43455
43384
55787
55783
44734
43385
43456
55803
43458
43405
55784
44735
43386
43457
83745
43413
43387
43459
1767
83749
1745
43416
43417
55798
72154
72209
90462
68658
72151
72206
90460
6593
72245
72227
72226
72226
72236
72237
72231
72229
72230
72228
72235
72039
72234
72232
72238
72233
90461
90459
72058
90463
72152
72408
95769
95772
72407
72157
72157
5015
72155
72155
95728
72264
72384
29033
90471
72208
95733
24554
72252
72055
43207
72007
72210
72251
72193
95770
72159
72394
72194
90464
31229
72213
44768
95734
72034
46946
71998
71998
72339
95762
95771
95773
72035
37018
72240
72162
72396
43226
90465
44586
72393
31265
72160
72072
72211
72397
72406
69683
72395
72165
95729
43231
72061
43235
43235
72328
2012
72330
72332
40264
13344
72212
68389
72256
31230
6681
30997
72163
9031
72195
95760
90453
43233
90470
90479
90482
90484
90487
90488
90490
90492
90495
90497
90499
90469
71999
72441
42435
72398
72342
72342
72214
33423
3710
30903
90501
72258
33587
72199
72409
68387
95764
72261
95736
95735
34013
2017
72260
90473
72241
36370
13174
72340
90454
2029
72050
72224
46361
35377
43219
72167
92796
95730
6590
13213
72218
6680
35839
32789
40617
40617
72267
49959
31589
95725
72329
95737
2011
40618
43209
72168
72166
90483
90491
90496
90502
72170
92798
90503
13486
19140
90468
42716
43912
72032
72169
90455
35923
41078
95761
40269
72345
72345
16806
38445
95732
72259
2016
2016
34377
47025
72262
65254
95731
13492
90505
65214
72172
90486
90494
67860
72242
90457
72244
38083
42727
42727
48664
90456
38874
38874
72014
68675
8835
90506
43240
90467
65252
11086
65251
43204
43242
43242
65253
42705
104161
53676
104177
53913
101977
53908
33440
56906
7839
33849
90396
53678
53732
104179
104163
104178
104166
53859
94053
53666
56904
56904
56907
56907
56914
54113
90386
104167
29245
56912
53850
53860
53858
36844
20198
90397
91469
33058
53679
53665
96009
96014
104171
54535
104162
104170
35999
53667
53664
56913
56911
104156
7833
104157
104158
56915
53912
104159
53668
54533
67858
42277
54530
90394
90395
104160
53950
53951
